10457
10458
8867
11263
11262
11260
11266
11265
12096
11917
11851
13166
0080161
11186
1251
3332
1495
1496
1498
10844
2312
12663
1082
1081
1080
4325
8607
4327
14325
14324
0050292
0050291
0050290
0050266
526
0050260
0050261
8736
0050340
0050268
9155
9153
9159
0050518
0050046
0050047
0050516
0050517
0050042
0050043
104
0050041
2047
2043
13336
643
0050194
0050195
0050196
0050197
4952
4953
9733
13565
1947
3298
4109
10027
8469
3292
7551
14456
10567
10242
10568
96
10841
10842
10843
13768
10845
13767
13760
0050259
0050256
0050254
0050253
0050251
0050250
12053
1022
2945
11405
0060345
12750
5052
1759
9531
9111
9113
1273
12287
1883
13371
2123
2122
11168
946
11165
0050097
0050096
10699
0050073
0050072
0050179
0050174
0050175
7457
0050488
12403
0050484
0050485
0050480
0050481
407
404
0050105
401
4986
931
9682
934
9060
9063
9065
13722
10887
10881
10882
14069
14067
0050051
11573
10113
11379
13258
8970
827
12662
12711
399
13026
11285
0050456
8200
0050288
0050289
13431
11080
2832
11750
0060570
8729
1638
0050211
2058
0050352
0050353
0050218
0050354
0050133
9123
0050136
0050134
0050135
9537
456
8295
0050521
0050522
13282
0050035
13444
2112
2113
11976
0050143
8478
11337
11336
10398
11338
13801
13800
7332
14457
12474
13078
2755
10718
883
882
885
884
888
14095
4166
10080
321
9584
14484
0050246
0050242
3055
14374
5362
13622
0050141
8622
13368
13369
11055
8781
5502
5501
13564
14472
2272
8659
4889
992
4885
0050061
9988
0050068
8536
0050153
12385
12386
12140
9577
4974
2790
12148
2149
2148
0050125
14115
9305
11302
0050584
13902
13146
1508
11360
13386
9784
4492
9786
13226
12919
2934
14239
10074
0050514
13074
9965
13034
13035
13036
0050338
0050339
2297
13523
13521
0050515
12841
106
0050200
0050201
0050202
2366
2365
0050513
402
4271
4270
635
1218
1219
0050383
0050382
9861
0050025
0050026
14422
13450
2409
14019
8566
11320
0050150
9181
12549
8568
13819
4336
12211
10264
0050198
0050199
11990
4156
4157
11258
11256
11254
8912
8913
9880
3985
3983
0050279
0050278
14418
14068
12927
12926
10883
14262
1079
10112
12179
10955
3481
4337
3482
5513
11102
11103
11100
11101
11104
11678
8704
7894
2473
1328
0060478
5154
0050118
11227
0050052
9856
0050508
0050059
9146
0050116
0050117
14512
2789
4411
1254
1255
1252
1398
12155
1395
1394
4962
14049
10039
4110
10784
10035
9640
9643
8956
0050596
0050597
0050598
0050599
7427
7426
13238
9790
2929
10250
11315
13775
1731
1639
1733
13778
0050308
754
8771
12978
2957
1025
1024
1023
0050050
10921
7033
0050012
0050398
3733
1217
11079
3108
3107
11076
11077
11339
1116
1562
1563
1564
11729
10075
8399
10079
0050160
0050166
9210
10371
0050491
0050490
12365
0050495
9801
10773
8484
12205
12206
